"0xFFFF": [
                60,
                102,
                102,
                126,
                102,
                102,
                102,
                0,
                124,
                102,
                102,
                124,
                102,
                102,
                124,
                0,
                60,
                102,
                96,
                96,
                96,
                102,
                60,
                0,
                120,
                108,
                102,
                102,
                102,
                108,
                120,
                0,
                126,
                96,
                96,
                124,
                96,
                96,
                126,
                0,
                126,
                96,
                96,
                124,
                96,
                96,
                96,
                0,
                60,
                102,
                96,
                110,
                102,
                102,
                60,
                0,
                102,
                102,
                102,
                126,
                102,
                102,
                102,
                0,
                126,
                24,
                24,
                24,
                24,
                24,
                126,
                0,
                62,
                12,
                12,
                12,
                12,
                108,
                56,
                0,
                102,
                108,
                120,
                112,
                120,
                108,
                102,
                0,
                96,
                96,
                96,
                96,
                96,
                96,
                126,
                0,
                99,
                119,
                127,
                107,
                107,
                99,
                99,
                0,
                102,
                102,
                118,
                126,
                110,
                102,
                102,
                0,
                60,
                102,
                102,
                102,
                102,
                102,
                60,
                0,
                124,
                102,
                102,
                124,
                96,
                96,
                96,
                0,
                60,
                102,
                102,
                102,
                106,
                108,
                54,
                0,
                124,
                102,
                102,
                124,
                108,
                102,
                102,
                0,
                60,
                102,
                96,
                60,
                6,
                102,
                60,
                0,
                126,
                24,
                24,
                24,
                24,
                24,
                24,
                0,
                102,
                102,
                102,
                102,
                102,
                102,
                60,
                0,
                102,
                102,
                102,
                102,
                102,
                60,
                24,
                0,
                99,
                99,
                107,
                107,
                127,
                119,
                99,
                0,
                102,
                102,
                60,
                24,
                60,
                102,
                102,
                0,
                102,
                102,
                102,
                60,
                24,
                24,
                24,
                0,
                126,
                6,
                12,
                24,
                48,
                96,
                126,
                0,
                24,
                56,
                24,
                24,
                24,
                24,
                126,
                0,
                60,
                102,
                6,
                12,
                24,
                48,
                126,
                0,
                60,
                102,
                6,
                28,
                6,
                102,
                60,
                0,
                12,
                28,
                60,
                108,
                126,
                12,
                12,
                0,
                126,
                96,
                124,
                6,
                6,
                102,
                60,
                0,
                28,
                48,
                96,
                124,
                102,
                102,
                60,
                0,
                126,
                6,
                12,
                24,
                48,
                48,
                48,
                0,
                60,
                102,
                102,
                60,
                102,
                102,
                60,
                0,
                60,
                102,
                102,
                62,
                6,
                12,
                56,
                0,
                60,
                102,
                110,
                126,
                118,
                102,
                60,
                0,
                0,
                0,
                0,
                0,
                0,
                12,
                4,
                8,
                0,
                0,
                0,
                0,
                0,
                0,
                12,
                12,
                0,
                0,
                0,
                0,
                0,
                0,
                0,
                0,
                0,
                3,
                6,
                12,
                24,
                48,
                96,
                192,
                0,
                24,
                48,
                96,
                64,
                96,
                48,
                24,
                0,
                24,
                12,
                6,
                2,
                6,
                12,
                24,
                0,
                192,
                96,
                48,
                24,
                12,
                6,
                3,
                0,
                0,
                0,
                0,
                0,
                0,
                0,
                0,
                0,
                0,
                0,
                0,
                0,
                0,
                0,
                0,
                0,
                0,
                0,
                0,
                0,
                0,
                0,
                0,
                0,
                0,
                0,
                0,
                0,
                0,
                0,
                0,
                0,
                0,
                0,
                0,
                0,
                0,
                0,
                0,
                0,
                0,
                0,
                0,
                0,
                0,
                0,
                0,
                0,
                0,
                0,
                0,
                0,
                0,
                0,
                0,
                0,
                0,
                0,
                0,
                0,
                0,
                0,
                0,
                0,
                0,
                0,
                0,
                0,
                0,
                0,
                0,
                0,
                0,
                0,
                0,
                0,
                0,
                0,
                0,
                0,
                0,
                0,
                0,
                0,
                0,
                0,
                0,
                0,
                0,
                0,
                0,
                0,
                0,
                0,
                0,
                0,
                0,
                0,
                0,
                0,
                0,
                0,
                0,
                0,
                0,
                0,
                0,
                0,
                0,
                0,
                0,
                0,
                0,
                0,
                0,
                0,
                0,
                0,
                0,
                0,
                0,
                0,
                0,
                0,
                0,
                0,
                0,
                0,
                0,
                0,
                0,
                0,
                0,
                0,
                0,
                0,
                0,
                0,
                0,
                0,
                0,
                0,
                0,
                0,
                0,
                0,
                0,
                0,
                0,
                0,
                0,
                0,
                0,
                0,
                0,
                0,
                0,
                0,
                0,
                0,
                0,
                0,
                0,
                0,
                0,
                0,
                0
            ]